mtx:[[6.81212085e+03,0.00000000e+00,9.53568388e+02],[0.00000000e+00,8.78607287e+03,4.92473602e+02],[0.00000000e+00,0.00000000e+00,1.00000000e+00]]
dist:[[ 5.29074265e-01,-2.24671186e+00,-3.73243767e-03,3.37142417e-02,-3.61085796e+03]]